100,0
200,0.025
300,0.03333333333333333
400,0.02
500,0.01
600,0.015
700,0.007142857142857143
800,0.01
900,0.015555555555555555
1000,0.032
1100,0.02181818181818182
1200,0.0175
1300,0.02923076923076923
1400,0.024285714285714285
1500,0.02
1600,0.0075
1700,0.01
1800,0.014444444444444444
1900,0.018947368421052633
2000,0.0225
2100,0.009047619047619047
2200,0.015
2300,0.010434782608695653
2400,0.025
2500,0.0076
2600,0.012692307692307692
2700,0.015555555555555555
2800,0.01892857142857143
2900,0.01896551724137931
3000,0.016666666666666666
3100,0.017419354838709676
3200,0.01625
3300,0.014848484848484849
3400,0.015294117647058824
3500,0.014285714285714285
3600,0.0175
3700,0.015405405405405406
3800,0.01631578947368421
3900,0.013846153846153847
4000,0.02225
4100,0.018780487804878048
4200,0.017619047619047618
4300,0.02372093023255814
4400,0.018863636363636364
4500,0.013555555555555555
4600,0.015217391304347827
4700,0.019148936170212766
4800,0.018541666666666668
4900,0.01673469387755102
5000,0.0112
5100,0.018823529411764704
5200,0.01673076923076923
5300,0.020188679245283017
5400,0.014074074074074074
5500,0.01927272727272727
5600,0.011785714285714287
5700,0.02175438596491228
5800,0.014482758620689656
5900,0.015423728813559322
6000,0.012333333333333333
6100,0.014098360655737704
6200,0.017419354838709676
6300,0.019523809523809523
6400,0.01859375
6500,0.014615384615384615
6600,0.015151515151515152
6700,0.01626865671641791
6800,0.01926470588235294
6900,0.01391304347826087
7000,0.015571428571428571
7100,0.018028169014084508
7200,0.019305555555555555
7300,0.01602739726027397
7400,0.012432432432432432
7500,0.015333333333333332
7600,0.02026315789473684
7700,0.012857142857142857
7800,0.01628205128205128
7900,0.014430379746835443
8000,0.013
8100,0.015061728395061728
8200,0.012926829268292682
8300,0.017108433734939758
8400,0.019166666666666665
8500,0.013647058823529411
8600,0.01383720930232558
8700,0.016551724137931035
8800,0.016363636363636365
8900,0.013820224719101123
9000,0.017
9100,0.016923076923076923
9200,0.01217391304347826
9300,0.01956989247311828
9400,0.018936170212765956
9500,0.016842105263157894
9600,0.016458333333333332
9700,0.01628865979381443
9800,0.013877551020408163
9900,0.013838383838383839
10000,0.0136
