100,0.01
200,0.015
300,0.01
400,0.02
500,0.02
600,0.006666666666666667
700,0.017142857142857144
800,0.02
900,0.011111111111111112
1000,0.014
1100,0.008181818181818182
1200,0.013333333333333334
1300,0.013076923076923076
1400,0.017142857142857144
1500,0.016666666666666666
1600,0.011875
1700,0.013529411764705882
1800,0.014444444444444444
1900,0.016842105263157894
2000,0.0155
2100,0.010476190476190476
2200,0.015
2300,0.010434782608695653
2400,0.01375
2500,0.0152
2600,0.015769230769230768
2700,0.012592592592592593
2800,0.014285714285714285
2900,0.015172413793103448
3000,0.015666666666666666
3100,0.017096774193548388
3200,0.0140625
3300,0.013939393939393939
3400,0.01647058823529412
3500,0.010285714285714285
3600,0.017222222222222222
3700,0.014054054054054054
3800,0.01368421052631579
3900,0.014871794871794871
4000,0.01475
4100,0.01707317073170732
4200,0.014523809523809524
4300,0.013023255813953489
4400,0.013863636363636364
4500,0.013111111111111112
4600,0.012608695652173913
4700,0.014042553191489362
4800,0.015416666666666667
4900,0.01673469387755102
5000,0.0172
5100,0.01568627450980392
5200,0.016153846153846154
5300,0.013584905660377358
5400,0.015925925925925927
5500,0.016363636363636365
5600,0.01625
5700,0.012280701754385965
5800,0.015689655172413792
5900,0.012372881355932203
6000,0.013333333333333334
6100,0.01360655737704918
6200,0.014516129032258065
6300,0.01634920634920635
6400,0.01390625
6500,0.013846153846153847
6600,0.012424242424242424
6700,0.016119402985074627
6800,0.012794117647058824
6900,0.012753623188405797
7000,0.015285714285714286
7100,0.012816901408450704
7200,0.01375
7300,0.013561643835616439
7400,0.012837837837837839
7500,0.015066666666666667
7600,0.015657894736842107
7700,0.011948051948051949
7800,0.01423076923076923
7900,0.01189873417721519
8000,0.015625
8100,0.015185185185185185
8200,0.014390243902439025
8300,0.013614457831325302
8400,0.013452380952380952
8500,0.014470588235294117
8600,0.015348837209302326
8700,0.011724137931034483
8800,0.013522727272727273
8900,0.015280898876404495
9000,0.013555555555555555
9100,0.014615384615384615
9200,0.014456521739130436
9300,0.013118279569892474
9400,0.01223404255319149
9500,0.013052631578947368
9600,0.014166666666666666
9700,0.013092783505154639
9800,0.013775510204081633
9900,0.014747474747474747
10000,0.0126
