10,0
20,0
30,0
40,0.675
50,0.56
60,0
70,0
80,0
90,0
100,0.77
110,0
120,0
130,0
140,0.2357142857142857
150,0
160,0
170,0
180,0.26666666666666666
190,0
200,0.715
210,0.05714285714285714
220,1
230,0.3869565217391304
240,0
250,0.68
260,0
270,0.003703703703703704
280,0.4142857142857143
290,0.07241379310344828
300,0.8066666666666666
310,0
320,0
330,0.07878787878787878
340,0
350,0
360,0.21666666666666667
370,0
380,0
390,0.04871794871794872
400,0.145
410,0
420,0.7642857142857142
430,0
440,0
450,0.09555555555555556
460,0.2847826086956522
470,0.029787234042553193
480,0.05416666666666667
490,0.5306122448979592
500,0.108
510,0
520,0.0038461538461538464
530,0
540,0.04814814814814815
550,0.07090909090909091
560,0.4017857142857143
570,0.14035087719298245
580,0
590,0.10847457627118644
600,0.17333333333333334
610,0.11967213114754098
620,0
630,0.7
640,0.403125
650,0.18923076923076923
660,0
670,0
680,0.052941176470588235
690,0.30869565217391304
700,0
710,0.022535211267605635
720,0
730,0.045205479452054796
740,0.025675675675675677
750,0.364
760,0.15
770,0
780,0
790,0.08227848101265822
800,0
810,0
820,0.4573170731707317
830,0.4927710843373494
840,0.04642857142857143
850,0
860,0.15813953488372093
870,0.6977011494252874
880,0.019318181818181818
890,0
900,0
910,0.33406593406593404
920,0.5065217391304347
930,0.37311827956989246
940,0.02553191489361702
950,0
960,0
970,0.030927835051546393
980,0.5877551020408164
990,0
1000,0.144
1010,0.7811881188118812
1020,0.00196078431372549
1030,0.038834951456310676
1040,0
1050,0.05333333333333334
1060,0.009433962264150943
1070,0.06822429906542056
1080,0.3111111111111111
1090,0
1100,0.028181818181818183
1110,0.23873873873873874
1120,0.33125
1130,0.05221238938053097
1140,0.031578947368421054
1150,0
1160,0.40344827586206894
1170,0.07521367521367521
1180,0
1190,0.07478991596638655
1200,0.08
1210,0.28760330578512394
1220,0.330327868852459
1230,0.013008130081300813
1240,0.06129032258064516
1250,0.0144
1260,0.002380952380952381
1270,0.5401574803149606
1280,0.04453125
1290,0.04186046511627907
1300,0.20076923076923076
1310,0
1320,0.19015151515151515
1330,0.19022556390977444
1340,0.10149253731343283
1350,0
1360,0.24558823529411763
1370,0.18832116788321168
1380,0.1753623188405797
1390,0.08776978417266187
1400,0.022857142857142857
1410,0.00851063829787234
1420,0.30070422535211266
1430,0
1440,0
1450,0
1460,0.002054794520547945
1470,0.02312925170068027
1480,0
1490,0.28523489932885904
1500,0.186
1510,0.08543046357615894
1520,0.35986842105263156
1530,0.4189542483660131
1540,0
1550,0.0832258064516129
1560,0.057692307692307696
1570,0.5146496815286624
1580,0.25443037974683547
1590,0.010691823899371069
1600,0.133125
1610,0.7223602484472049
1620,0.0049382716049382715
1630,0.005521472392638037
1640,0.12134146341463414
1650,0.14666666666666667
1660,0.5156626506024097
1670,0
1680,0.3386904761904762
1690,0
1700,0.0611764705882353
1710,0.24035087719298245
1720,0
1730,0.008670520231213872
1740,0.05
1750,0.072
1760,0.5420454545454545
1770,0.24180790960451978
1780,0.1286516853932584
1790,0.1776536312849162
1800,0
1810,0.04364640883977901
1820,0.21263736263736263
1830,0.00546448087431694
1840,0.007065217391304348
1850,0.15837837837837837
1860,0.06344086021505377
1870,0
1880,0.2957446808510638
1890,0
1900,0.4957894736842105
1910,0.112565445026178
1920,0.06197916666666667
1930,0.09533678756476684
1940,0.0005154639175257732
1950,0.012307692307692308
1960,0
1970,0.09746192893401015
1980,0.4888888888888889
1990,0.07236180904522613
2000,0.129
2010,0.07313432835820896
2020,0.2391089108910891
2030,0.0024630541871921183
2040,0.0769607843137255
2050,0.0034146341463414634
2060,0.24563106796116504
2070,0.13043478260869565
2080,0.14375
2090,0.2904306220095694
2100,0.06571428571428571
2110,0.6507109004739337
2120,0.4349056603773585
2130,0.13990610328638498
2140,0
2150,0.00046511627906976747
2160,0.017592592592592594
2170,0.5428571428571428
2180,0.22293577981651377
2190,0.2694063926940639
2200,0.01090909090909091
2210,0.11945701357466064
2220,0.06891891891891892
2230,0.18340807174887894
2240,0.33303571428571427
2250,0.4222222222222222
2260,0.034955752212389384
2270,0
2280,0.015350877192982455
2290,0.18340611353711792
2300,0.15869565217391304
2310,0.019913419913419914
2320,0.4224137931034483
2330,0.03390557939914163
2340,0.18974358974358974
2350,0.019148936170212766
2360,0.11567796610169491
2370,0.043459915611814344
2380,0.42436974789915966
2390,0
2400,0.3525
2410,0.2174273858921162
2420,0.16983471074380166
2430,0
2440,0.007377049180327869
2450,0.2257142857142857
2460,0.22926829268292684
2470,0.04331983805668016
2480,0.4036290322580645
2490,0.15461847389558234
2500,0.3248
2510,0.20876494023904382
2520,0.5023809523809524
2530,0.04861660079051383
2540,0.15
2550,0.09294117647058824
2560,0.071484375
2570,0.18443579766536966
2580,0.12441860465116279
2590,0.11042471042471043
2600,0.12076923076923077
2610,0.4992337164750958
2620,0.25610687022900763
2630,0.059695817490494296
2640,0.042045454545454546
2650,0.06339622641509433
2660,0.16578947368421051
2670,0.1101123595505618
2680,0.047388059701492534
2690,0.09925650557620817
2700,0
2710,0.07527675276752767
2720,0.18860294117647058
2730,0.33296703296703295
2740,0.06277372262773723
2750,0.212
2760,0.09963768115942029
2770,0
2780,0.08129496402877698
2790,0.01003584229390681
2800,0.17392857142857143
2810,0.06192170818505338
2820,0
2830,0.0519434628975265
2840,0.20985915492957746
2850,0.4263157894736842
2860,0.12412587412587413
2870,0.18466898954703834
2880,0.03854166666666667
2890,0.05916955017301038
2900,0
2910,0.12096219931271478
2920,0.017123287671232876
2930,0.19556313993174063
2940,0.09965986394557823
2950,0.05050847457627119
2960,0.02837837837837838
2970,0.22255892255892257
2980,0.11442953020134228
2990,0.28160535117056856
3000,0.036333333333333336
