10,0
20,0
30,0
40,1
50,0
60,0
70,0
80,0
90,0
100,0.8
110,0.10909090909090909
120,0
130,0.3076923076923077
140,0
150,0
160,0
170,0.27058823529411763
180,0
190,0.18947368421052632
200,0
210,0
220,0
230,0.22608695652173913
240,0.19166666666666668
250,0
260,0.3230769230769231
270,0.6259259259259259
280,0
290,0.5172413793103449
300,0
310,0
320,0
330,0
340,0
350,0.017142857142857144
360,0
370,0.9135135135135135
380,0.20789473684210527
390,0.36923076923076925
400,0.2025
410,0.5073170731707317
420,0.05714285714285714
430,0
440,0.4818181818181818
450,0.24888888888888888
460,0.043478260869565216
470,0
480,0
490,0
500,0.466
510,0.22156862745098038
520,0.2519230769230769
530,0.5245283018867924
540,0.7555555555555555
550,0
560,0
570,0
580,0.36379310344827587
590,0
600,0.03666666666666667
610,0.7622950819672131
620,0.0016129032258064516
630,0
640,0
650,0
660,0
670,0.7179104477611941
680,0
690,0.08985507246376812
700,0.22285714285714286
710,0.2661971830985915
720,0.03888888888888889
730,0.35753424657534244
740,0
750,0.536
760,0.21578947368421053
770,0.08571428571428572
780,0
790,0
800,0.03
810,0.2308641975308642
820,0.020731707317073172
830,0.020481927710843374
840,0
850,0.7623529411764706
860,0.010465116279069767
870,0
880,0.8420454545454545
890,0
900,0.03111111111111111
910,0.06923076923076923
920,0.013043478260869565
930,0.289247311827957
940,0.1074468085106383
950,0
960,0
970,0.36597938144329895
980,0.003061224489795918
990,0.2595959595959596
1000,0.029
1010,0.22178217821782178
1020,0
1030,0.49514563106796117
1040,0
1050,0
1060,0.809433962264151
1070,0.4747663551401869
1080,0
1090,0.3036697247706422
1100,0.07818181818181819
1110,0.5918918918918918
1120,0
1130,0.25398230088495577
1140,0
1150,0.4895652173913044
1160,0.371551724137931
1170,0.20683760683760682
1180,0.01694915254237288
1190,0
1200,0.1575
1210,0.08760330578512397
1220,0.05901639344262295
1230,0
1240,0
1250,0.1488
1260,0.3103174603174603
1270,0.19606299212598424
1280,0.74765625
1290,0.05736434108527132
1300,0.12846153846153846
1310,0.22137404580152673
1320,0.12575757575757576
1330,0.5037593984962406
1340,0
1350,0
1360,0
1370,0.33211678832116787
1380,0.16304347826086957
1390,0
1400,0.10928571428571429
1410,0.028368794326241134
1420,0.21056338028169014
1430,0.06153846153846154
1440,0.4222222222222222
1450,0.11862068965517242
1460,0.2636986301369863
1470,0.13401360544217686
1480,0.7283783783783784
1490,0.2181208053691275
1500,0.126
1510,0.29403973509933773
1520,0.8368421052631579
1530,0
1540,0.14545454545454545
1550,0.016774193548387096
1560,0.08525641025641026
1570,0.17961783439490445
1580,0.05759493670886076
1590,0.8037735849056604
1600,0.16875
1610,0.46956521739130436
1620,0.022222222222222223
1630,0.10368098159509202
1640,0
1650,0
1660,0.17349397590361446
1670,0.5712574850299401
1680,0.5059523809523809
1690,0.0650887573964497
1700,0.24235294117647058
1710,0.044444444444444446
1720,0.051744186046511625
1730,0.008670520231213872
1740,0.0867816091954023
1750,0.14342857142857143
1760,0.019318181818181818
1770,0.6254237288135593
1780,0.03539325842696629
1790,0.49273743016759775
1800,0.14166666666666666
1810,0.47569060773480665
1820,0.054945054945054944
1830,0.04426229508196721
1840,0.0125
1850,0.2464864864864865
1860,0.5155913978494624
1870,0
1880,0
1890,0.49523809523809526
1900,0.13473684210526315
1910,0.11361256544502618
1920,0.011979166666666667
1930,0.11088082901554404
1940,0.6262886597938144
1950,0.15282051282051282
1960,0.49744897959183676
1970,0.014213197969543147
1980,0.006060606060606061
1990,0.5552763819095478
2000,0
2010,0.021393034825870648
2020,0.7767326732673268
2030,0.09310344827586207
2040,0.05
2050,0
2060,0
2070,0
2080,0.8831730769230769
2090,0.050239234449760764
2100,0.8580952380952381
2110,0.12417061611374408
2120,0
2130,0.06009389671361502
2140,0.7644859813084112
2150,0.1516279069767442
2160,0.1162037037037037
2170,0.7258064516129032
2180,0.14036697247706423
2190,0.06575342465753424
2200,0.11363636363636363
2210,0.10271493212669683
2220,0.16396396396396395
2230,0
2240,0.05580357142857143
2250,0.08311111111111111
2260,0.007964601769911504
2270,0.00881057268722467
2280,0.10043859649122808
2290,0.0816593886462882
2300,0.3391304347826087
2310,0.04415584415584416
2320,0
2330,0.030472103004291845
2340,0.08632478632478632
2350,0.10170212765957447
2360,0.015254237288135594
2370,0.5181434599156118
2380,0.22899159663865545
2390,0.03347280334728033
2400,0.18583333333333332
2410,0.4103734439834025
2420,0
2430,0.026748971193415638
2440,0.2331967213114754
2450,0.008979591836734694
2460,0.15853658536585366
2470,0.048987854251012146
2480,0
2490,0.4815261044176707
2500,0.0024
2510,0.42788844621513944
2520,0.3611111111111111
2530,0.03320158102766799
2540,0.13897637795275591
2550,0
2560,0.33125
2570,0.08249027237354085
2580,0
2590,0.3166023166023166
2600,0.04384615384615385
2610,0.020689655172413793
2620,0.05114503816793893
2630,0
2640,0.6549242424242424
2650,0.021132075471698115
2660,0.13646616541353385
2670,0.20936329588014982
2680,0.025373134328358207
2690,0.0828996282527881
2700,0.13
2710,0.11070110701107011
2720,0.05183823529411765
2730,0
2740,0.4740875912408759
2750,0.22327272727272726
2760,0.030072463768115943
2770,0.15018050541516245
2780,0.39568345323741005
2790,0.12974910394265232
2800,0.18071428571428572
2810,0.06512455516014234
2820,0.02198581560283688
2830,0.16325088339222615
2840,0.3693661971830986
2850,0.004210526315789474
2860,0
2870,0.4986062717770035
2880,0.6684027777777778
2890,0.038408304498269895
2900,0.2489655172413793
2910,0.3845360824742268
2920,0.5226027397260274
2930,0
2940,0.4204081632653061
2950,0.03559322033898305
2960,0.05540540540540541
2970,0.34915824915824917
2980,0.20302013422818793
2990,0
3000,0
