10,0
20,0
30,0.2
40,0
50,0
60,0.6833333333333333
70,0
80,0
90,0
100,0.94
110,0
120,0
130,0
140,0
150,0
160,0.48125
170,0
180,0.9111111111111111
190,0
200,0
210,0
220,0
230,0
240,0.07083333333333333
250,0
260,0.4
270,0
280,0.2
290,0
300,0
310,0.8870967741935484
320,0.478125
330,0.296969696969697
340,0.3205882352941177
350,0.6542857142857142
360,0.06111111111111111
370,0.0891891891891892
380,0.005263157894736842
390,0
400,0
410,0
420,0.08571428571428572
430,0.020930232558139535
440,0.11818181818181818
450,0
460,0
470,0.006382978723404255
480,0
490,0.05510204081632653
500,0.048
510,0.12745098039215685
520,0.25961538461538464
530,0
540,0.43148148148148147
550,0
560,0
570,0.22631578947368422
580,0.3293103448275862
590,0.03898305084745763
600,0.02
610,0
620,0
630,0
640,0.040625
650,0.13076923076923078
660,0.6242424242424243
670,0
680,0
690,0
700,0.44285714285714284
710,0.5056338028169014
720,0
730,0.6054794520547945
740,0.1
750,0
760,0.4039473684210526
770,0
780,0.14102564102564102
790,0
800,0.03
810,0.2654320987654321
820,0.2682926829268293
830,0.7313253012048193
840,0.5083333333333333
850,0.1388235294117647
860,0.002325581395348837
870,0.4689655172413793
880,0.5477272727272727
890,0.3955056179775281
900,0.006666666666666667
910,0
920,0.24347826086956523
930,0.06559139784946237
940,0.08617021276595745
950,0
960,0.5645833333333333
970,0.1515463917525773
980,0.4489795918367347
990,0.5060606060606061
1000,0.448
1010,0.053465346534653464
1020,0.703921568627451
1030,0
1040,0
1050,0
1060,0.15849056603773584
1070,0
1080,0.06111111111111111
1090,0.6633027522935779
1100,0.11
1110,0.002702702702702703
1120,0.3151785714285714
1130,0.36991150442477877
1140,0
1150,0.07130434782608695
1160,0.08103448275862069
1170,0.10512820512820513
1180,0.16186440677966102
1190,0.2411764705882353
1200,0.013333333333333334
1210,0.00743801652892562
1220,0.0860655737704918
1230,0.05365853658536585
1240,0.5306451612903226
1250,0.3568
1260,0.018253968253968255
1270,0.05669291338582677
1280,0.18046875
1290,0.22868217054263565
1300,0.32461538461538464
1310,0.6091603053435114
1320,0
1330,0.22255639097744362
1340,0.3559701492537313
1350,0
1360,0
1370,0.07372262773722628
1380,0
1390,0.05755395683453238
1400,0.03
1410,0.5226950354609929
1420,0.03873239436619718
1430,0.4944055944055944
1440,0
1450,0.02620689655172414
1460,0.08424657534246575
1470,0.23265306122448978
1480,0.05878378378378379
1490,0.07181208053691275
1500,0.182
1510,0.5728476821192053
1520,0.049342105263157895
1530,0.22156862745098038
1540,0.17532467532467533
1550,0.02903225806451613
1560,0.2935897435897436
1570,0.1732484076433121
1580,0.02721518987341772
1590,0.06918238993710692
1600,0.00625
1610,0
1620,0.11975308641975309
1630,0
1640,0.6024390243902439
1650,0
1660,0.2993975903614458
1670,0.12994011976047903
1680,0
1690,0.19763313609467456
1700,0
1710,0.10292397660818714
1720,0.45930232558139533
1730,0.653179190751445
1740,0.052298850574712646
1750,0.4937142857142857
1760,0.05795454545454545
1770,0.3214689265536723
1780,0.02752808988764045
1790,0.5273743016759777
1800,0.07666666666666666
1810,0.13204419889502764
1820,0
1830,0
1840,0
1850,0.20324324324324325
1860,0.1774193548387097
1870,0.14278074866310161
1880,0.002127659574468085
1890,0
1900,0
1910,0.12722513089005236
1920,0.39114583333333336
1930,0.015544041450777202
1940,0.4005154639175258
1950,0.017948717948717947
1960,0.05357142857142857
1970,0.01116751269035533
1980,0.19797979797979798
1990,0
2000,0.2235
2010,0
2020,0
2030,0.4187192118226601
2040,0.06715686274509804
2050,0.04975609756097561
2060,0.02233009708737864
2070,0.38067632850241545
2080,0.15240384615384617
2090,0
2100,0.4595238095238095
2110,0
2120,0.25330188679245286
2130,0.2107981220657277
2140,0.5560747663551402
2150,0.05023255813953489
2160,0.30833333333333335
2170,0.5658986175115207
2180,0.04908256880733945
2190,0.01872146118721461
2200,0.10727272727272727
2210,0.3923076923076923
2220,0.34054054054054056
2230,0.004932735426008968
2240,0.19732142857142856
2250,0.4991111111111111
2260,0.44380530973451326
2270,0.01629955947136564
2280,0
2290,0.12707423580786026
2300,0
2310,0.06796536796536796
2320,0
2330,0.19184549356223177
2340,0.1517094017094017
2350,0.3523404255319149
2360,0.08983050847457627
2370,0.009704641350210971
2380,0.08949579831932773
2390,0.007531380753138075
2400,0.008333333333333333
2410,0.2572614107883817
2420,0
2430,0.29259259259259257
2440,0.007377049180327869
2450,0.3142857142857143
2460,0.01056910569105691
2470,0.18299595141700406
2480,0.14919354838709678
2490,0.05060240963855422
2500,0.1624
2510,0.06733067729083665
2520,0.0884920634920635
2530,0.27509881422924903
2540,0.031496062992125984
2550,0.05019607843137255
2560,0.012890625
2570,0.07898832684824902
2580,0
2590,0.023166023166023165
2600,0.14346153846153847
2610,0.09961685823754789
2620,0.09541984732824428
2630,0.43688212927756653
2640,0.16704545454545455
2650,0.11962264150943397
2660,0
2670,0.49812734082397003
2680,0.022388059701492536
2690,0.0022304832713754648
2700,0.2874074074074074
2710,0.6863468634686347
2720,0.3220588235294118
2730,0.09267399267399268
2740,0.0781021897810219
2750,0.0014545454545454545
2760,0.18478260869565216
2770,0.12274368231046931
2780,0.11942446043165468
2790,0.03082437275985663
2800,0
2810,0.3373665480427046
2820,0.37127659574468086
2830,0.08833922261484099
2840,0.30809859154929575
2850,0
2860,0.291958041958042
2870,0
2880,0.08229166666666667
2890,0.327681660899654
2900,0.08172413793103449
2910,0
2920,0.06404109589041096
2930,0.02764505119453925
2940,0.36020408163265305
2950,0.1
2960,0.08986486486486486
2970,0.027946127946127945
2980,0.05771812080536913
2990,0.3494983277591973
3000,0.29333333333333333
