10,0
20,0
30,0.2
40,0.55
50,0.24
60,0.23333333333333334
70,0.18571428571428572
80,0.1
90,0.17777777777777778
100,0.26
110,0.10909090909090909
120,0.31666666666666665
130,0.19230769230769232
140,0.2571428571428571
150,0.24
160,0.10625
170,0.27058823529411763
180,0.18888888888888888
190,0.22631578947368422
200,0.3
210,0.0761904761904762
220,0.17727272727272728
230,0.09565217391304348
240,0.4
250,0.088
260,0.13846153846153847
270,0.11481481481481481
280,0.05714285714285714
290,0.2413793103448276
300,0.14333333333333334
310,0.22258064516129034
320,0.103125
330,0.20606060606060606
340,0.17647058823529413
350,0.28
360,0.18055555555555555
370,0.1891891891891892
380,0.16578947368421051
390,0.1794871794871795
400,0.1725
410,0.22682926829268293
420,0.1880952380952381
430,0.1
440,0.14545454545454545
450,0.15777777777777777
460,0.1108695652173913
470,0.1723404255319149
480,0.15625
490,0.24897959183673468
500,0.232
510,0.1392156862745098
520,0.2403846153846154
530,0.20566037735849058
540,0.15185185185185185
550,0.13454545454545455
560,0.1357142857142857
570,0.10877192982456141
580,0.2655172413793103
590,0.16440677966101694
600,0.17666666666666667
610,0.17049180327868851
620,0.13064516129032258
630,0.27936507936507937
640,0.2453125
650,0.1523076923076923
660,0.20757575757575758
670,0.20597014925373133
680,0.2
690,0.30434782608695654
700,0.15857142857142856
710,0.1704225352112676
720,0.22916666666666666
730,0.17123287671232876
740,0.17567567567567569
750,0.14
760,0.1881578947368421
770,0.22337662337662337
780,0.13205128205128205
790,0.24430379746835443
800,0.265
810,0.2308641975308642
820,0.23658536585365852
830,0.21445783132530122
840,0.17261904761904762
850,0.22705882352941176
860,0.2069767441860465
870,0.21264367816091953
880,0.22727272727272727
890,0.2101123595505618
900,0.21222222222222223
910,0.1989010989010989
920,0.1782608695652174
930,0.17634408602150536
940,0.16276595744680852
950,0.24210526315789474
960,0.16354166666666667
970,0.1824742268041237
980,0.25204081632653064
990,0.25252525252525254
1000,0.238
1010,0.13762376237623763
1020,0.24313725490196078
1030,0.20388349514563106
1040,0.1701923076923077
1050,0.2219047619047619
1060,0.14433962264150943
1070,0.2046728971962617
1080,0.16018518518518518
1090,0.1706422018348624
1100,0.21
1110,0.16126126126126125
1120,0.19910714285714284
1130,0.1486725663716814
1140,0.17192982456140352
1150,0.1808695652173913
1160,0.19051724137931034
1170,0.23675213675213674
1180,0.24067796610169492
1190,0.1949579831932773
1200,0.15333333333333332
1210,0.2206611570247934
1220,0.14508196721311475
1230,0.21707317073170732
1240,0.1967741935483871
1250,0.2336
1260,0.15317460317460319
1270,0.15433070866141732
1280,0.2359375
1290,0.16434108527131783
1300,0.20153846153846153
1310,0.18931297709923664
1320,0.20606060606060606
1330,0.19097744360902255
1340,0.18358208955223881
1350,0.15481481481481482
1360,0.19191176470588237
1370,0.12700729927007298
1380,0.24347826086956523
1390,0.19640287769784173
1400,0.18785714285714286
1410,0.17659574468085107
1420,0.19929577464788734
1430,0.1916083916083916
1440,0.23125
1450,0.16
1460,0.1780821917808219
1470,0.19931972789115646
1480,0.2141891891891892
1490,0.18322147651006712
1500,0.23466666666666666
1510,0.17748344370860927
1520,0.1993421052631579
1530,0.1437908496732026
1540,0.17597402597402598
1550,0.15806451612903225
1560,0.19807692307692307
1570,0.1503184713375796
1580,0.24873417721518987
1590,0.2169811320754717
1600,0.215
1610,0.13354037267080746
1620,0.14382716049382716
1630,0.16319018404907976
1640,0.1798780487804878
1650,0.23515151515151514
1660,0.18734939759036146
1670,0.2089820359281437
1680,0.20595238095238094
1690,0.1816568047337278
1700,0.22470588235294117
1710,0.18128654970760233
1720,0.2686046511627907
1730,0.2092485549132948
1740,0.18620689655172415
1750,0.19942857142857143
1760,0.21477272727272728
1770,0.15706214689265538
1780,0.16123595505617977
1790,0.18435754189944134
1800,0.22
1810,0.20939226519337018
1820,0.19835164835164834
1830,0.19289617486338798
1840,0.1956521739130435
1850,0.2091891891891892
1860,0.22849462365591397
1870,0.2267379679144385
1880,0.16542553191489362
1890,0.24708994708994708
1900,0.2
1910,0.15235602094240838
1920,0.17083333333333334
1930,0.15492227979274611
1940,0.21701030927835052
1950,0.2164102564102564
1960,0.21479591836734693
1970,0.18071065989847715
1980,0.16111111111111112
1990,0.1678391959798995
2000,0.2235
2010,0.20597014925373133
2020,0.18613861386138614
2030,0.18620689655172415
2040,0.1607843137254902
2050,0.2346341463414634
2060,0.2616504854368932
2070,0.18840579710144928
2080,0.1519230769230769
2090,0.20430622009569377
2100,0.2057142857142857
2110,0.23364928909952606
2120,0.2108490566037736
2130,0.2056338028169014
2140,0.15981308411214953
2150,0.19953488372093023
2160,0.19768518518518519
2170,0.15898617511520738
2180,0.1981651376146789
2190,0.23972602739726026
2200,0.15954545454545455
2210,0.15701357466063348
2220,0.16666666666666666
2230,0.184304932735426
2240,0.17991071428571428
2250,0.2248888888888889
2260,0.21150442477876105
2270,0.17753303964757708
2280,0.19473684210526315
2290,0.14366812227074235
2300,0.21391304347826087
2310,0.21688311688311687
2320,0.19698275862068965
2330,0.1759656652360515
2340,0.19658119658119658
2350,0.20127659574468085
2360,0.1478813559322034
2370,0.19029535864978903
2380,0.21554621848739497
2390,0.16443514644351465
2400,0.17416666666666666
2410,0.21410788381742737
2420,0.19008264462809918
2430,0.19012345679012346
2440,0.1819672131147541
2450,0.2146938775510204
2460,0.17235772357723578
2470,0.1728744939271255
2480,0.2375
2490,0.19036144578313252
2500,0.1904
2510,0.2099601593625498
2520,0.2011904761904762
2530,0.18221343873517787
2540,0.1736220472440945
2550,0.16392156862745097
2560,0.178125
2570,0.18715953307392996
2580,0.2069767441860465
2590,0.21544401544401545
2600,0.15653846153846154
2610,0.1850574712643678
2620,0.18702290076335878
2630,0.18935361216730037
2640,0.15833333333333333
2650,0.18867924528301888
2660,0.21729323308270676
2670,0.22734082397003746
2680,0.1962686567164179
2690,0.19033457249070632
2700,0.23333333333333334
2710,0.2059040590405904
2720,0.19816176470588234
2730,0.18534798534798536
2740,0.20948905109489052
2750,0.148
2760,0.17173913043478262
2770,0.18772563176895307
2780,0.16151079136690646
2790,0.1874551971326165
2800,0.21357142857142858
2810,0.1708185053380783
2820,0.19290780141843972
2830,0.1685512367491166
2840,0.22570422535211268
2850,0.20491228070175438
2860,0.23846153846153847
2870,0.17073170731707318
2880,0.21215277777777777
2890,0.18788927335640138
2900,0.16310344827586207
2910,0.1879725085910653
2920,0.20821917808219179
2930,0.18464163822525598
2940,0.20136054421768707
2950,0.18677966101694915
2960,0.1891891891891892
2970,0.1723905723905724
2980,0.1906040268456376
2990,0.16622073578595317
3000,0.194
