10,0
20,0.15
30,0.9
40,0
50,0.02
60,0.4666666666666667
70,0.37142857142857144
80,0.2125
90,0.32222222222222224
100,0.11
110,0.06363636363636363
120,0.15
130,0.15384615384615385
140,0.2
150,0.12
160,0.25
170,0.14705882352941177
180,0.24444444444444444
190,0.23684210526315788
200,0.27
210,0.07142857142857142
220,0.2409090909090909
230,0.1391304347826087
240,0.1125
250,0.128
260,0.2153846153846154
270,0.12222222222222222
280,0.225
290,0.05862068965517241
300,0.36
310,0.3
320,0.228125
330,0.1393939393939394
340,0.18529411764705883
350,0.19428571428571428
360,0.18333333333333332
370,0.20540540540540542
380,0.2868421052631579
390,0.15384615384615385
400,0.255
410,0.1975609756097561
420,0.20952380952380953
430,0.18604651162790697
440,0.17954545454545454
450,0.13555555555555557
460,0.24130434782608695
470,0.20212765957446807
480,0.15833333333333333
490,0.24693877551020407
500,0.156
510,0.21764705882352942
520,0.22115384615384615
530,0.19811320754716982
540,0.15185185185185185
550,0.14
560,0.18214285714285713
570,0.27017543859649124
580,0.3120689655172414
590,0.24067796610169492
600,0.205
610,0.14426229508196722
620,0.20806451612903226
630,0.10952380952380952
640,0.1890625
650,0.31076923076923074
660,0.18181818181818182
670,0.14477611940298507
680,0.23676470588235293
690,0.10869565217391304
700,0.1442857142857143
710,0.24084507042253522
720,0.22083333333333333
730,0.14931506849315068
740,0.2418918918918919
750,0.184
760,0.15789473684210525
770,0.1974025974025974
780,0.19230769230769232
790,0.17468354430379746
800,0.19125
810,0.254320987654321
820,0.23658536585365852
830,0.19518072289156627
840,0.21785714285714286
850,0.19058823529411764
860,0.27325581395348836
870,0.18160919540229886
880,0.14659090909090908
890,0.15955056179775282
900,0.24666666666666667
910,0.14065934065934066
920,0.19130434782608696
930,0.2075268817204301
940,0.17446808510638298
950,0.2736842105263158
960,0.190625
970,0.20927835051546392
980,0.20816326530612245
990,0.2717171717171717
1000,0.207
1010,0.24059405940594059
1020,0.17941176470588235
1030,0.1912621359223301
1040,0.20961538461538462
1050,0.09904761904761905
1060,0.21415094339622642
1070,0.1691588785046729
1080,0.1712962962962963
1090,0.13394495412844037
1100,0.1709090909090909
1110,0.2702702702702703
1120,0.19464285714285715
1130,0.18053097345132743
1140,0.1543859649122807
1150,0.2026086956521739
1160,0.18620689655172415
1170,0.2230769230769231
1180,0.12796610169491526
1190,0.2184873949579832
1200,0.18083333333333335
1210,0.1256198347107438
1220,0.19918032786885245
1230,0.16585365853658537
1240,0.24193548387096775
1250,0.2344
1260,0.1634920634920635
1270,0.215748031496063
1280,0.13671875
1290,0.15271317829457365
1300,0.17307692307692307
1310,0.17862595419847327
1320,0.13636363636363635
1330,0.20075187969924813
1340,0.22462686567164178
1350,0.21185185185185185
1360,0.1875
1370,0.14087591240875913
1380,0.2217391304347826
1390,0.14964028776978416
1400,0.2257142857142857
1410,0.24184397163120566
1420,0.16338028169014085
1430,0.15314685314685314
1440,0.20694444444444443
1450,0.21862068965517242
1460,0.2054794520547945
1470,0.17414965986394557
1480,0.21621621621621623
1490,0.19328859060402684
1500,0.22666666666666666
1510,0.16821192052980133
1520,0.20723684210526316
1530,0.1738562091503268
1540,0.22662337662337662
1550,0.1464516129032258
1560,0.21474358974358973
1570,0.18152866242038215
1580,0.14556962025316456
1590,0.18427672955974841
1600,0.1625
1610,0.15590062111801242
1620,0.2074074074074074
1630,0.16319018404907976
1640,0.2280487804878049
1650,0.20484848484848484
1660,0.172289156626506
1670,0.1532934131736527
1680,0.21964285714285714
1690,0.19467455621301774
1700,0.2252941176470588
1710,0.2134502923976608
1720,0.15232558139534882
1730,0.1676300578034682
1740,0.19885057471264367
1750,0.22514285714285714
1760,0.21704545454545454
1770,0.2536723163841808
1780,0.19662921348314608
1790,0.18324022346368715
1800,0.22
1810,0.18729281767955802
1820,0.19505494505494506
1830,0.16120218579234974
1840,0.1967391304347826
1850,0.20108108108108108
1860,0.2118279569892473
1870,0.193048128342246
1880,0.1478723404255319
1890,0.1962962962962963
1900,0.1931578947368421
1910,0.20209424083769634
1920,0.20052083333333334
1930,0.19844559585492227
1940,0.21082474226804124
1950,0.2123076923076923
1960,0.14387755102040817
1970,0.1847715736040609
1980,0.19393939393939394
1990,0.24673366834170854
2000,0.2045
2010,0.17064676616915422
2020,0.22326732673267327
2030,0.16896551724137931
2040,0.21127450980392157
2050,0.24048780487804877
2060,0.21553398058252426
2070,0.26956521739130435
2080,0.14711538461538462
2090,0.19090909090909092
2100,0.20857142857142857
2110,0.2018957345971564
2120,0.1669811320754717
2130,0.21549295774647886
2140,0.1897196261682243
2150,0.2153488372093023
2160,0.19305555555555556
2170,0.1663594470046083
2180,0.20137614678899082
2190,0.16940639269406393
2200,0.22090909090909092
2210,0.17420814479638008
2220,0.19594594594594594
2230,0.15964125560538117
2240,0.14508928571428573
2250,0.18133333333333335
2260,0.21106194690265487
2270,0.15198237885462554
2280,0.18552631578947368
2290,0.2004366812227074
2300,0.19652173913043477
2310,0.15454545454545454
2320,0.18189655172413793
2330,0.1832618025751073
2340,0.19487179487179487
2350,0.2204255319148936
2360,0.14745762711864407
2370,0.20843881856540084
2380,0.19327731092436976
2390,0.19330543933054392
2400,0.17333333333333334
2410,0.18008298755186722
2420,0.1962809917355372
2430,0.17119341563786009
2440,0.19754098360655736
2450,0.19959183673469388
2460,0.20528455284552846
2470,0.20526315789473684
2480,0.16653225806451613
2490,0.21405622489959839
2500,0.1756
2510,0.22589641434262947
2520,0.19047619047619047
2530,0.20395256916996046
2540,0.17165354330708663
2550,0.1784313725490196
2560,0.1421875
2570,0.22217898832684824
2580,0.16666666666666666
2590,0.19034749034749035
2600,0.22192307692307692
2610,0.17203065134099618
2620,0.18702290076335878
2630,0.18631178707224336
2640,0.21704545454545454
2650,0.189811320754717
2660,0.16691729323308271
2670,0.18689138576779027
2680,0.18992537313432836
2690,0.16691449814126394
2700,0.22444444444444445
2710,0.211070110701107
2720,0.1801470588235294
2730,0.18974358974358974
2740,0.2032846715328467
2750,0.18763636363636363
2760,0.21231884057971015
2770,0.2223826714801444
2780,0.17805755395683454
2790,0.22831541218637993
2800,0.20035714285714284
2810,0.1693950177935943
2820,0.20957446808510638
2830,0.18833922261484098
2840,0.1936619718309859
2850,0.1792982456140351
2860,0.21818181818181817
2870,0.21254355400696864
2880,0.1642361111111111
2890,0.19826989619377164
2900,0.20517241379310344
2910,0.17766323024054984
2920,0.18116438356164383
2930,0.1839590443686007
2940,0.1891156462585034
2950,0.19559322033898305
2960,0.15506756756756757
2970,0.17912457912457913
2980,0.18422818791946308
2990,0.13846153846153847
3000,0.17966666666666667
