100,0
200,0
300,0
400,0.3375
500,0
600,0.005
700,0
800,0
900,0.06666666666666667
1000,0
1100,0.37636363636363634
1200,0
1300,0.018461538461538463
1400,0.24785714285714286
1500,0
1600,0.35375
1700,0.1923529411764706
1800,0.25833333333333336
1900,0.024736842105263158
2000,0.0505
2100,0
2200,0.0659090909090909
2300,0.013478260869565217
2400,0.5004166666666666
2500,0.3568
2600,0
2700,0
2800,0
2900,0
3000,0.025666666666666667
3100,0.07096774193548387
3200,0.56
3300,0.7118181818181818
3400,0.4041176470588235
3500,0.06885714285714285
3600,0.3136111111111111
3700,0.012432432432432432
3800,0.4431578947368421
3900,0.03230769230769231
4000,0.0495
4100,0.5392682926829269
4200,0.24619047619047618
4300,0.13581395348837208
4400,0.0075
4500,0.23644444444444446
4600,0.05239130434782609
4700,0.005531914893617021
4800,0.044375
4900,0.34408163265306124
5000,0.0496
5100,0.28411764705882353
5200,0.3267307692307692
5300,0.36735849056603775
5400,0.4709259259259259
5500,0.49727272727272726
5600,0.1457142857142857
5700,0.021403508771929824
5800,0.1396551724137931
5900,0.007288135593220339
6000,0.03333333333333333
6100,0.06393442622950819
6200,0.09790322580645161
6300,0.0665079365079365
6400,0.03328125
6500,0.1396923076923077
6600,0.04303030303030303
6700,0.009850746268656717
6800,0.13264705882352942
6900,0.17304347826086958
7000,0.014
7100,0.028169014084507043
7200,0.0019444444444444444
7300,0.009178082191780823
7400,0.05554054054054054
7500,0.04493333333333333
7600,0.11013157894736843
7700,0.062207792207792205
7800,0.2764102564102564
7900,0.17303797468354432
8000,0.10275
8100,0.08024691358024691
8200,0.1748780487804878
8300,0.23036144578313253
8400,0.15095238095238095
8500,0.1271764705882353
8600,0.055
8700,0.27620689655172415
8800,0.05090909090909091
8900,0.06550561797752809
9000,0.09122222222222222
9100,0.08714285714285715
9200,0.03108695652173913
9300,0.3295698924731183
9400,0.014787234042553192
9500,0.025473684210526315
9600,0.05614583333333333
9700,0.0788659793814433
9800,0.29653061224489796
9900,0.1903030303030303
10000,0.0763
