100,0.12
200,0.085
300,0.09666666666666666
400,0.09
500,0.108
600,0.085
700,0.10285714285714286
800,0.12
900,0.1
1000,0.113
1100,0.10272727272727272
1200,0.10166666666666667
1300,0.11307692307692307
1400,0.10071428571428571
1500,0.10066666666666667
1600,0.114375
1700,0.09058823529411765
1800,0.10777777777777778
1900,0.10421052631578948
2000,0.119
2100,0.11
2200,0.09818181818181818
2300,0.10608695652173913
2400,0.09416666666666666
2500,0.1
2600,0.10192307692307692
2700,0.09592592592592593
2800,0.1025
2900,0.10758620689655173
3000,0.107
3100,0.10290322580645161
3200,0.10375
3300,0.10848484848484849
3400,0.11529411764705882
3500,0.09685714285714286
3600,0.10111111111111111
3700,0.10972972972972973
3800,0.10210526315789474
3900,0.09923076923076923
4000,0.10425
4100,0.10634146341463414
4200,0.10976190476190475
4300,0.10302325581395348
4400,0.09931818181818182
4500,0.094
4600,0.10847826086956522
4700,0.10617021276595745
4800,0.10270833333333333
4900,0.11061224489795918
5000,0.1018
5100,0.10490196078431373
5200,0.10115384615384615
5300,0.10226415094339622
5400,0.10759259259259259
5500,0.1009090909090909
5600,0.10553571428571429
5700,0.10719298245614035
5800,0.10017241379310345
5900,0.10271186440677967
6000,0.10583333333333333
6100,0.10278688524590164
6200,0.10483870967741936
6300,0.10174603174603175
6400,0.1065625
6500,0.10415384615384615
6600,0.09621212121212121
6700,0.10358208955223881
6800,0.10602941176470589
6900,0.10942028985507246
7000,0.104
7100,0.11028169014084507
7200,0.10263888888888889
7300,0.10863013698630138
7400,0.10054054054054054
7500,0.10626666666666666
7600,0.09736842105263158
7700,0.10454545454545454
7800,0.10102564102564103
7900,0.10468354430379746
8000,0.1065
8100,0.1045679012345679
8200,0.10512195121951219
8300,0.11265060240963855
8400,0.10488095238095238
8500,0.10729411764705882
8600,0.10232558139534884
8700,0.11022988505747126
8800,0.10590909090909091
8900,0.10674157303370786
9000,0.10544444444444444
9100,0.10395604395604395
9200,0.10184782608695653
9300,0.10935483870967742
9400,0.10148936170212766
9500,0.104
9600,0.09791666666666667
9700,0.10340206185567011
9800,0.10928571428571429
9900,0.10141414141414141
10000,0.1006
